step:
1,0.5,0.0768,0.0494,,0.0537,0.315,0.135,,0.1197,0.705,,,,,,0.02,,,,0.4202,,,,,0.4328,,,0.0975,,,,masterVolume
strong laser:
7,0.5,0.265,0.71,1,0.745,0.645,0.47,,-0.3299,0.0849,0.195,0.135,0.215,0.365,0.555,0.02,,,,0.4202,,,,,0.4328,,,0.0975,,,,masterVolume
death:
7.0298,0.5,0.3597,0.4708,0.982,0.5956,0.5942,0.4612,,-0.4927,0.0988,0.3147,0.0442,0.0196,0.5059,0.5186,0.1112,0.029,-0.0579,0.0347,0.5007,0.1086,0.0388,-0.0479,-0.1842,0.2441,0.1812,0.0132,0.1332,-0.1337,0.0568,-0.1451,masterVolume
portal:
8,0.5,0.1384,0.8432,0.1193,0.2811,0.2922,0.5731,,-0.1004,-0.2916,0.6107,0.147,0.1248,0.8773,0.2606,0.6378,0.9174,0.9472,0.7384,0.7047,-0.6232,0.2864,-0.9965,-0.698,0.9407,0.7711,0.2767,0.0056,0.9809,,-0.7716,masterVolume
grab item:
4,0.5,0.0414,0.5502,0.2529,0.8041,0.1801,0.5043,,-0.2003,0.3222,0.5204,0.2611,0.2734,0.9195,0.6395,0.2842,0.3701,0.7255,0.7239,0.3179,-0.9686,,-0.9561,-0.916,0.8669,0.5672,0.0753,0.0015,-0.2776,0.0661,-0.9727,masterVolume
full energy:
7,0.5,0.3621,0.4325,0.9474,0.746,0.9452,0.5427,,-0.079,0.7617,0.0423,0.2734,0.1927,0.8813,0.9129,0.119,0.6312,0.7339,0.7227,0.6499,-0.0845,0.2005,0.9173,-0.6849,0.7665,0.04,0.1345,0.049,0.2065,0.1813,-0.9998,masterVolume
cool (dry):
2,0.5,0.0051,0.1336,0.1894,0.3223,0.7446,0.7958,,-0.6456,0.0003,0.0004,0.4775,0.8815,0.8158,0.7716,0.2623,0.9695,-0.231,0.9356,0.5381,-0.9885,0.6633,0.2526,0.9033,0.8716,0.9226,0.0544,0.0035,-0.3073,0.0726,-0.9988,masterVolume
arrow shot:
2.0346,0.5,0.0539,0.1604,0.2239,0.3024,0.7939,0.821,,-0.7117,-0.0153,0.0625,0.4775,0.8815,0.8222,0.772,0.2442,0.926,-0.2582,0.8895,0.5381,-1,0.7026,0.2868,0.9555,0.8456,0.9646,0.0261,0.0143,-0.3073,0.0153,-0.9881,masterVolume
another cool one:
7,0.5,0.0001,0.361,0.1881,0.7281,0.5124,0.4268,,0.1246,0.0893,0.8639,0.4466,0.3391,0.9861,0.1623,-0.8058,0.2311,-0.7873,0.1382,0.8069,0.2108,0.7165,-0.9897,-0.9961,0.8731,0.6683,0.3668,0.1231,-0.9517,,-0.2427,masterVolume
7,0.5,0.4566,0.18,0.0409,0.412,0.8323,0.9,,0.1739,0.0222,0.192,0.3427,0.3586,0.7235,0.0938,0.4743,0.52,-0.2804,0.3365,0.9134,-0.3078,0.7352,-0.2378,-0.9739,0.9605,0.6928,0.415,0.2746,0.9019,0.6367,-0.9899,masterVolume
kind of shot:
7,0.5,,0.3547,0.0309,0.8909,0.6923,0.5002,,0.031,-0.2289,0.5431,0.8054,0.0033,0.8415,0.0761,-0.2382,0.6253,0.3195,0.3029,0.8458,-0.9917,0.4457,-0.8591,-0.9955,0.6773,-0.6489,0.1732,0.0051,0.6305,0.3692,-0.9999,masterVolume
bad weird:
1,0.5,0.01,0.215,0.56,0.645,0.315,0.585,0.195,0.1,-0.12,,,,0.265,,0.3846,0.6721,-0.53,0.37,,,,,,1,,,,,,,masterVolume
enemy death:
7,0.5,0.01,0.215,0.56,0.645,0.315,0.48,0.11,-0.165,-0.12,,,,0.265,,0.3846,0.6721,-0.53,0.37,,,,,,1,,,,,,,masterVolume
jump:
,0.5,0.0559,0.2195,0.0315,0.1844,0.2623,0.1423,0.1178,0.026,-0.0388,0.0624,,0.058,0.046,0.0024,-0.0375,,0.0777,,0.3714,-0.0601,,-0.0569,0.0291,0.4066,-0.1829,0.0824,0.058,-0.0152,,-0.0103,masterVolume
untouchable:
8,0.5,0.01,1,0.02,1,0.36,0.475,,0.175,-0.25,0.43,0.735,,0.9828,0.6379,0.4192,0.4088,-0.43,0.017,0.0167,-0.9815,0.625,1,0.2299,0.6611,-0.6655,0.385,0.265,0.25,0.415,0.2649,masterVolume
new life:
2,0.5,,0.3527,,0.485,0.3,0.265,0.145,0.155,-0.0999,0.55,0.475,,,,,,,,0.4789,,,,,1,,,,,,,masterVolume
arrow in the bull's eye:
2,0.5,0.0704,0.295,0.965,0.32,0.195,0.47,0.02,-0.2099,0.1464,0.77,0.9329,0.35,0.515,0.955,0.595,0.295,-0.65,0.77,0.6467,-1,0.815,0.415,-0.2684,0.8577,-0.543,0.2087,0.2262,0.668,0.0011,-1,masterVolume
damage:
2,0.5,0.0704,0.295,0.965,0.32,0.195,0.47,0.02,-0.2099,0.1464,0.77,0.9329,0.35,0.515,0.955,0.595,0.295,-0.65,0.77,0.6467,-1,0.595,0.25,-0.0999,0.835,-0.543,0.2087,0.385,-0.43,,-1,masterVolume